-44.222383,-2.531702
-44.210774,-2.520807
-44.209892,-2.520796
-44.209217,-2.52076
-44.208162,-2.520755
-44.207835,-2.521295
-44.207542,-2.521419
-44.207086,-2.520748
-44.2075,-2.520058
-44.206442,-2.520899
-44.20592,-2.52088
-44.204648,-2.521176
-44.203673,-2.521263
-44.20293,-2.521299
-44.202462,-2.520284
-44.210644,-2.520087
-44.209893,-2.52004
-44.209141,-2.520011
-44.208208,-2.520056
-44.211335,-2.518252
-44.211388,-2.517909
-44.211434,-2.517552
-44.211513,-2.517201
-44.21159,-2.51686
-44.211669,-2.516496
-44.211737,-2.516138
-44.211801,-2.515779
-44.211879,-2.51546
-44.211944,-2.515091
-44.211094,-2.514168
-44.210745,-2.514069
-44.210466,-2.514003
-44.210271,-2.512683
-44.210066,-2.5135
-44.210146,-2.513838
-44.209903,-2.5144
-44.2097716,-2.5147794
-44.209101,-2.518089
-44.209168,-2.517758
-44.209211,-2.517363
-44.209295,-2.516979
-44.209443,-2.516419
-44.209119,-2.515917
-44.209271,-2.515557
-44.209704,-2.515249
-44.219216,-2.498674
-44.219254,-2.497812
-44.219326,-2.496781
-44.219439,-2.4959
-44.219485,-2.494753
-44.219492,-2.494309
-44.21954,-2.493786
-44.219577,-2.493159
-44.219609,-2.492845
-44.219621,-2.492439
-44.219637,-2.49191
-44.219694,-2.491339
-44.219771,-2.490926
-44.219812,-2.490172
-44.21985,-2.489829
-44.219879,-2.489449
-44.219904,-2.48905
-44.219906,-2.488687
-44.219942,-2.488058
-44.220025,-2.487253
-44.220162,-2.485827
-44.220321,-2.49851
-44.220384,-2.497806
-44.220433,-2.497103
-44.220453,-2.496767
-44.220642,-2.496085
-44.220723,-2.495392
-44.220777,-2.494664
-44.22081,-2.493904
-44.220861,-2.493179
-44.220901,-2.492432
-44.220897,-2.491708
-44.220949,-2.491
-44.220893,-2.490247
-44.220922,-2.489779
-44.220983,-2.489202
-44.221024,-2.488566
-44.221094,-2.48755
-44.221142,-2.487001
-44.221178,-2.486256
-44.223812,-2.489818
-44.223617,-2.490549
-44.223463,-2.491269
-44.223362,-2.491685
-44.223156,-2.492542
-44.223001,-2.493229
-44.22292,-2.493572
-44.222774,-2.494186
-44.22275,-2.494925
-44.222752,-2.495342
-44.222686,-2.49602
-44.222631,-2.496763
-44.222632,-2.497174
-44.222579,-2.497908
-44.22254,-2.498616
-44.222488,-2.499281
-44.222272,-2.487066
-44.222182,-2.488248
-44.222122,-2.488917
-44.222074,-2.48945
-44.222025,-2.489956
-44.221957,-2.490767
-44.221924,-2.491434
-44.221864,-2.492161
-44.221788,-2.492901
-44.221772,-2.49344
-44.221706,-2.494009
-44.221641,-2.494902
-44.221633,-2.495472
-44.221598,-2.496291
-44.221575,-2.496961
-44.221477,-2.497646
-44.22146,-2.498714
-44.221448,-2.499108
-44.209945,-2.51835
-44.209598,-2.518275
-44.209196,-2.518195
-44.209431,-2.519154
-44.20981,-2.51917
-44.210449,-2.519168
-44.210549,-2.51893
-44.216747,-2.520479
-44.215598,-2.520884
-44.215531,-2.521454
-44.21497,-2.519979
-44.214988,-2.521027
-44.215593,-2.521688
-44.215532,-2.521441
-44.21499,-2.521055
-44.215031,-2.522585
-44.214354,-2.52141
-44.214365,-2.522023
-44.214357,-2.522008
-44.21503,-2.522583
-44.214989,-2.521032
-44.214991,-2.521066
-44.214987,-2.521031
-44.214989,-2.521016
-44.215032,-2.522583
-44.21545,-2.522931
-44.215596,-2.521748
-44.215497,-2.522947
-44.215495,-2.522948
-44.215439,-2.52292
-44.221145,-2.525904
-44.220667,-2.526391
-44.220069,-2.525954
-44.220472,-2.525566,
-44.219797,-2.525231
-44.219624,-2.525488
-44.221395,-2.525633
-44.220857,-2.525152
-44.223529,-2.527967
-44.223535,-2.527969
-44.223558,-2.528032
-44.22337,-2.529178
-44.22338,-2.529157
-44.222589,-2.528821
-44.222615,-2.528821
-44.222592,-2.528826
-44.222273,-2.528664
-44.222232,-2.528493
-44.22222,-2.528425
-44.222319,-2.528239
-44.222429,-2.527964
-44.222572,-2.527628
-44.222683,-2.527426
-44.222696,-2.527402
-44.222741,-2.527399
-44.223361,-2.527668
-44.223608,-2.527774
-44.223559,-2.52802
-44.223609,-2.527775
-44.223709,-2.527283
-44.22388,-2.526706
-44.223923,-2.526536
-44.223925,-2.526532
-44.223898,-2.526154
-44.223833,-2.526145
-44.222336,-2.528202
-44.22044,-2.525585
-44.220081,-2.525955
-44.220081,-2.525951
-44.221155,-2.525906
-44.221065,-2.525888
-44.220548,-2.526396
-44.220645,-2.526407
-44.221069,-2.52589
-44.221311,-2.525638
-44.221414,-2.525614
-44.221339,-2.525631
-44.220837,-2.525165
-44.220878,-2.525114
-44.22088,-2.525206
-44.220491,-2.525579
-44.22046,-2.525566
-44.220463,-2.525563
-44.220437,-2.52559
-44.220375,-2.524688
-44.220375,-2.524693
-44.220329,-2.524762
-44.219825,-2.525256
-44.219764,-2.525261
-44.219829,-2.525258
-44.219572,-2.525528
-44.219825,-2.52526
-44.219825,-2.525255
-44.220842,-2.525164
-44.220394,-2.524763
-44.220346,-2.524728
-44.219229,-2.522097
-44.222648,-2.523082
-44.22118,-2.523154
-44.220353,-2.524717
-44.2195,-2.524062
-44.21946,-2.524146
-44.221248,-2.523157
-44.221616,-2.523373
-44.222075,-2.523897
-44.222184,-2.523944
-44.222798,-2.523834
-44.222667,-2.523155
-44.222655,-2.523097
-44.222695,-2.523067
-44.219303,-2.521553
-44.218529,-2.521753
-44.218951,-2.52163
-44.217457,-2.522796
-44.218541,-2.521754
-44.218749,-2.52169
-44.218908,-2.521639
-44.218921,-2.521633
-44.219036,-2.521598
-44.21919,-2.521551
-44.219313,-2.521518
-44.219305,-2.521548
-44.218947,-2.521628
-44.218951,-2.521644
-44.218547,-2.521754
-44.218537,-2.52175
-44.218541,-2.521752
-44.222797,-2.523836
-44.222837,-2.524053
-44.222965,-2.524258
-44.223146,-2.524481
-44.223343,-2.524709
-44.223534,-2.525198
-44.223684,-2.52558
-44.22377,-2.525832
-44.223864,-2.526164
-44.218547,-2.521747
-44.218497,-2.521721
-44.218382,-2.521643
-44.218331,-2.521608
-44.218276,-2.521635
-44.21823,-2.521697
-44.218197,-2.521746
-44.218162,-2.521811
-44.218036,-2.521991
-44.217864,-2.522218
-44.217661,-2.522512
-44.217455,-2.522807
-44.217251,-2.52308
-44.217892,-2.522191
-44.217217,-2.522557
-44.217611,-2.521962
-44.217004,-2.522844
-44.217447,-2.522818
-44.217231,-2.523118
-44.217289,-2.521664
-44.216251,-2.52318
-44.21645,-2.521998
-44.216672,-2.522221
-44.21689,-2.521401
-44.216182,-2.522402
-44.217226,-2.520454
-44.217095,-2.520026
-44.216486,-2.521088
-44.216307,-2.521325
-44.216151,-2.521551
-44.215573,-2.522298
-44.215975,-2.521472
-44.216215,-2.520693
-44.217659,-2.521077
-44.217469,-2.521504
-44.215841,-2.521814
-44.215849,-2.521835
-44.215931,-2.521575
-44.215956,-2.521582
-44.215986,-2.521484
-44.216084,-2.521183
-44.216167,-2.520902
-44.216222,-2.52071
-44.21741,-2.521322
-44.217756,-2.521601
-44.221236,-2.523138
-44.220325,-2.522885
-44.220295,-2.52318
-44.220173,-2.523344
-44.219515,-2.524065
-44.220318,-2.522885
-44.220192,-2.52233
-44.220046,-2.52204
-44.219941,-2.521769
-44.219808,-2.521529
-44.219733,-2.521375
-44.219295,-2.521521
-44.219215,-2.522075
-44.220037,-2.522057
-44.220038,-2.522064
-44.220049,-2.522051
-44.217758,-2.521593
-44.218117,-2.521848
-44.217759,-2.521612
-44.217112,-2.522551
-44.216948,-2.522771
-44.217403,-2.521315
-44.217231,-2.521594
-44.217435,-2.521341
-44.217569,-2.520989
-44.217572,-2.520993
-44.217642,-2.521025
-44.2174,-2.521318
-44.217416,-2.521332
-44.217398,-2.521318
-44.217022,-2.521063
-44.216839,-2.521367
-44.217021,-2.521059
-44.217212,-2.52043
-44.217014,-2.521065
-44.216638,-2.520786
-44.216472,-2.52107
-44.216172,-2.521574
-44.21617,-2.521574
-44.216145,-2.521541
-44.216312,-2.521333
-44.216298,-2.521311
-44.216641,-2.520791
-44.216424,-2.520714
-44.216219,-2.520645
-44.216207,-2.520683
-44.216217,-2.520717
-44.21792,-2.518915
-44.218057,-2.514344
-44.216832,-2.511702
-44.206552,-2.529284
-44.207873,-2.52964
-44.209021,-2.530154
-44.214357,-2.532075
-44.21568,-2.532473
-44.218648,-2.533506
-44.219905,-2.533044
-44.216968,-2.532863
-44.20758,-2.526598
-44.2089,-2.527166
-44.210155,-2.527543
-44.216652,-2.529745
-44.217906,-2.530217
-44.219182,-2.530684
-44.215267,-2.529264
-44.213994,-2.528787
-44.212721,-2.528342
-44.213051,-2.53154
-44.211747,-2.531061
-44.210473,-2.530585
-44.223447,-2.528706
-44.223663,-2.527308
-44.211428,-2.527857
-44.220512,-2.53106
-44.206882,-2.528508
-44.216798,-2.533752
-44.215233,-2.533562
-44.213861,-2.53351
-44.212494,-2.533141
-44.211157,-2.532753
-44.209824,-2.532454
-44.208532,-2.53223
-44.207684,-2.530656
-44.206359,-2.530591
-44.217373,-2.520034
-44.217051,-2.521944
-44.174956,-2.490753
-44.211131,-2.518597
-44.20318,-2.516868
-44.208905,-2.519114
-44.209511,-2.516305
-44.209358,-2.516013
-44.209377,-2.515792
-44.209425,-2.515543
-44.209675,-2.515383
-44.210339,-2.512525
-44.212953,-2.518091
-44.212921,-2.51787
-44.20697,-2.51761
-44.207996,-2.513057
-44.207613,-2.51303
-44.206629,-2.517566
-44.206178,-2.517456
-44.207191,-2.512934
-44.207856,-2.510226
-44.206219,-2.509765
-44.20557,-2.512859
-44.204788,-2.516556
-44.203364,-2.516206
-44.204093,-2.512512
-44.202869,-2.515986
-44.200909,-2.515565
-44.200256,-2.518437
-44.199961,-2.519801
-44.201154,-2.519744
-44.201251,-2.520305
-44.202432,-2.520225
-44.206495,-2.520026
-44.207777,-2.519992
-44.207798,-2.52008
-44.208522,-2.520096
-44.208522,-2.519958
-44.210744,-2.519986
-44.200897,-2.515586
-44.201353,-2.51346
-44.200139,-2.51315
-44.199538,-2.516519
-44.19757,-2.516139
-44.197484,-2.516561
-44.196706,-2.516403
-44.196869,-2.515545
-44.197229,-2.515584
-44.196787,-2.515948
-44.194631,-2.515508
-44.193959,-2.518684
-44.196952,-2.503917
-44.211475,-2.519163
-44.211616,-2.518617
-44.212981,-2.51854
-44.212917,-2.518103
-44.212672,-2.518132
-44.212375,-2.518159
-44.211738,-2.51818
-44.211935,-2.517335
-44.213262,-2.517327
-44.21298,-2.518531
-44.211556,-2.518604
-44.212198,-2.518625
-44.212823,-2.518144
-44.212831,-2.517871
-44.212234,-2.518124
-44.211677,-2.518175
-44.211871,-2.51732
-44.212931,-2.517309
-44.210279,-2.518397
-44.208931,-2.518672
-44.208974,-2.518105
-44.207972,-2.517889
-44.206717,-2.517602
-44.205637,-2.517375
-44.204473,-2.517117
-44.20322,-2.516857
-44.209258,-2.517375
-44.2091,-2.515913
-44.209924,-2.514143
-44.210283,-2.512397
-44.210637,-2.520063
-44.209885,-2.520039
-44.209133,-2.519991
-44.208561,-2.519983
-44.207841,-2.520047
-44.207087,-2.520069
-44.205918,-2.520046
-44.204954,-2.520076
-44.204125,-2.5202
-44.203381,-2.520192
-44.202452,-2.520206
-44.201241,-2.520299
-44.207346,-2.515935
-44.207727,-2.514407
-44.207196,-2.514874
-44.206926,-2.516125
-44.206428,-2.516297
-44.206861,-2.514179
-44.207447,-2.511713
-44.205898,-2.511282
-44.206267,-2.509758
-44.205368,-2.513489
-44.204895,-2.515967
-44.203504,-2.515251
-44.203955,-2.513139
-44.202496,-2.515893
-44.202201,-2.515908
-44.201699,-2.51574
-44.201234,-2.515694
-44.200922,-2.515605
-44.200595,-2.51724
-44.200004,-2.519631
-44.201347,-2.513538
-44.200115,-2.513185
-44.199543,-2.516542
-44.198582,-2.516295
-44.197564,-2.516205
-44.19674,-2.516043
-44.197337,-2.515526
-44.19579,-2.515901
-44.194741,-2.515601
-44.196834,-2.504493
-44.196601,-2.505825
-44.196368,-2.506926
-44.196157,-2.50821
-44.195851,-2.509571
-44.195586,-2.510791
-44.195337,-2.511978
-44.195041,-2.513532
-44.194767,-2.514808
-44.194379,-2.516747
-44.194152,-2.517803
-44.214371,-2.521446
-44.214956,-2.52113
-44.214984,-2.520056
-44.215608,-2.52177
-44.215601,-2.52088
-44.176696,-2.471672
-44.176998,-2.470329
-44.177437,-2.46772
-44.177212,-2.467108
-44.177222,-2.465913
-44.177688,-2.465386
-44.176614,-2.472766
-44.175867,-2.468305
-44.175452,-2.468104
-44.174764,-2.467783